-12.06249
-10.86438
-7.971472
-8.377217
-10.93501
-10.4902
-11.04855
-12.93025
-10.83741
-6.982948
-8.168909
-10.80393
-11.80548
-7.826278
-9.99939
-10.87981
-9.540166
-9.705093
-8.759284
-13.12471
-9.238223
-10.00109
-9.382297
-8.777592
-11.17364
-8.451718
-9.614044
-10.17361
-6.717387
-9.015266
-9.379182
-10.37326
-8.575216
-8.789997
-8.745793
-10.58206
-7.493413
-9.600584
-7.736494
-7.642123
-8.593161
-7.410428
-8.812194
-8.493586
-9.715927
-11.24576
-7.59153
-10.11786
-12.60741
-10.75158
-8.336081
-8.978519
-8.858894
-10.14658
-9.276454
-10.49465
-9.585294
-9.404932
-9.862562
-8.714755
-7.519751
-6.060644
-10.38911
-8.75387
-12.21641
-9.809031
-10.59868
-8.507388
-7.55739
-10.098
-7.298496
-9.628633
-10.60786
-11.45842
-10.42647
-11.94836
-9.327079
-6.897514
-7.647561
-9.437533
-7.27536
-6.867131
-4.700896
-7.037055
-9.930911
-9.690051
-7.581617
-8.563844
-10.25305
-9.319404
-6.572292
-10.62153
-11.82644
-6.333157
-8.398417
-8.143265
-8.293117
-7.519673
-9.94865
-8.645412
-11.44843
-8.121099
-8.65953
-8.387877
-11.83848
-11.41738
-11.72644
-8.287088
-10.35427
-6.920712
-8.824518
-7.944614
-7.416557
-10.99071
-9.112867
-6.588102
-6.846682
-10.12321
-5.652647
-9.959068
-10.06693
-12.68488
-9.249968
-7.878073
-9.143303
-5.792071
-8.765576
-3.613622
-5.707407
-8.820856
-8.338691
-10.41679
-10.82009
-7.948749
-9.287685
-8.145024
-10.49155
-9.593422
-9.585409
-11.73567
-10.43835
-8.41149
-6.81784
-8.807936
-10.48017
-9.025251
-9.40702
-9.800996
-9.507278
-9.05396
-9.265675
-10.106
-8.693761
-8.667202
-9.74504
-10.30185
-6.283656
-8.052191
-5.663184
-5.891462
-5.093237
-7.907173
-6.116177
-2.619507
-3.317578
-4.523976
-6.55607
-3.303096
-6.869421
-3.881879
-4.493783
-8.252952
-4.94618
-2.529469
-2.791745
-3.095977
-3.97632
-5.993176
-5.840695
-5.037183
-5.997821
-2.995882
-6.081156
-5.761006
-5.013679
-6.632778
-8.632126
-5.368808
-7.745119
-10.18686
-6.869981
-3.466248
-0.63229
-7.797959
-6.201825
-9.194504
-6.497562
-7.473418
-7.033373
-4.163094
-3.860111
-3.564769
0.398561
-4.491018
-0.542106
-7.555886
-10.01607
-6.94611
-8.122634
-8.157588
-3.615843
-6.018522
-5.977204
-3.678604
-5.651792
-9.407285
-6.836952
-7.310147
-2.226597
-4.018668
-4.679936
-5.330829
-7.667524
-2.029052
-5.834137
-6.492864
-11.45537
-8.726167
-8.025681
-6.292701
-9.407996
-7.337973
-9.222239
-7.731272
-5.390402
-3.348516
-5.261487
-7.533389
-3.231878
-4.006908
-5.874271
-3.907456
-6.739742
-6.043349
-6.9694
-5.722925
-4.260308
-5.780862
-4.289657
-1.767381
-6.354521
-6.713667
-8.84888
-6.217233
-3.583316
-3.094816
-8.641547
-4.724422
-7.019725
-8.666213
-5.756822
-4.439826
-6.436388
-7.575909
-5.645976
-3.426919
-6.561659
-6.790787
-6.582526
-6.850609
-1.924827
-1.901649
-4.764066
-5.186317
-2.5205
-3.644258
-6.539202
-2.318215
-5.01937
-2.70705
1.271981
-3.38583
-3.868727
-5.949299
-6.315577
-4.455337
-4.680435
-7.599402
-4.670027
-4.913466
-7.048316
-7.909915
-3.95105
-5.053649
-4.899352
-0.784551
-3.815708
-3.127663
-5.119716
-5.130875
0.055111
-2.054432
-1.003772
0.384678
-1.851059
-3.100451
-3.449222
-2.658535
-1.78072
-1.31256
-5.350651
-5.854881
-5.509099
1.868
-2.642534
0.123049
-2.884122
-2.188756
-1.116695
-1.865194
-2.72138
-5.079258
-3.929152
-4.044515
-3.515175
-1.078706
-3.632891
-4.52089
-3.927733
-4.673557
-2.817198
-0.880082
-1.319995
-1.658986
-4.080009
-5.26363
-4.972327
-2.728513
-4.99834
-5.563344
-6.622399
-3.833979
-2.814742
-3.196551
-3.431263
-6.257162
-7.182653
-4.109289
-2.012034
-1.207769
-1.258943
-0.696104
-5.0536
-3.522613
-4.820443
-1.691494
-6.073052
-1.75911
2.366106
4.663597
4.142015
2.573668
4.500204
5.401009
2.813144
7.617445
8.910047
10.40065
10.72162
11.07709
13.83507
17.16853
10.99428
9.532809
10.59665
12.83973
13.59125
14.42091
12.2409
11.19782
14.37758
11.03545
5.575122
6.981585
8.285091
4.168727
9.377497
6.577716
4.70139
6.599672
11.44018
11.50455
10.08978
12.33875
11.34896
11.07787
14.33315
13.96481
15.5806
19.39433
21.87262
21.05526
13.26793
11.51664
12.66865
12.3857
14.31195
11.96759
14.02443
13.89476
8.29368
9.981105
10.99613
11.20334
11.84809
13.6263
10.6041
13.28038
14.3594
13.64885
17.89231
19.11455
19.34973
18.70302
16.22422
15.59279
17.37151
20.01654
23.37301
25.64678
21.87972
24.42279
24.03238
26.14341
31.13224
31.38569
26.22213
30.2273
27.1213
27.76558
27.10229
25.57653
28.08266
24.77433
26.79288
29.33502
26.75583
24.29261
27.11407
23.62995
24.3114
24.11662
21.43205
22.42031
21.72965
24.97104
23.83151
22.16923
16.87131
21.65106
18.46475
20.20584
19.03255
21.37564
16.59253
17.79893
21.55826
19.45622
16.54991
16.3856
15.65254
15.34283
17.55242
14.95615
16.43066
14.78406
13.53329
12.02332
14.83302
15.80107
18.38552
22.38121
29.25547
30.28252
35.56016
46.10549
58.02005
52.60614
35.38237
26.12146
22.40696
19.33037
19.59874
22.0904
20.67932
21.13447
18.37425
20.0576
16.36873
11.51048
12.52854
15.514
13.80343
13.56671
11.68053
16.55236
16.07575
16.89786
12.12868
11.33954
15.86098
14.32848
12.62637
12.30838
12.16088
10.48176
8.497751
16.27549
11.91962
11.87843
13.61221
13.80658
15.2245
10.94421
19.73546
18.43597
20.53636
21.96033
24.34334
24.96642
21.65386
22.57961
24.846
26.63162
24.10506
26.80701
24.86733
20.62065
20.55682
18.06149
17.93744
16.54461
13.77276
15.77794
11.08183
8.475858
11.74967
15.13123
11.51364
12.53045
11.03022
14.17905
14.27113
10.27185
8.116561
10.42278
13.05329
10.26594
9.999421
14.10862
12.37908
13.56499
10.31825
6.074306
8.550323
9.78758
10.79005
2.919158
6.376395
7.216978
7.591733
6.931462
9.088165
7.394777
5.849179
8.091381
8.235451
7.043113
10.85848
10.16789
6.498185
8.35754
8.130799
9.913492
5.481271
7.881308
8.605008
9.636197
10.81769
8.078605
5.06634
7.94069
4.724133
8.547323
7.281688
9.585899
6.308299
9.210844
3.512409
4.701919
8.69959
7.4175
6.33968
8.382647
7.532732
10.31808
8.411973
8.548099
9.267221
9.835167
10.54377
12.07493
10.52468
13.75988
14.3375
18.47626
19.29612
21.94362
19.54859
21.2502
18.39277
19.94059
20.74928
19.82614
17.95106
14.8966
19.64384
21.85573
16.85403
12.05579
14.23426
10.22458
12.63133
12.21356
11.01359
8.832016
8.4728
9.950637
8.150354
5.867042
6.772515
3.011186
4.108943
5.949303
4.750043
4.719146
3.794618
6.163006
3.870949
3.471369
3.539434
6.305262
4.126509
3.307594
4.493575
6.47339
6.049626
2.113954
1.713692
10.66938
6.196492
4.460462
1.465457
2.618971
5.991212
0.453716
4.680874
6.187281
4.604165
4.341042
3.505981
1.953179
2.302233
3.320274
4.839913
5.106078
-2.274901
5.20095
0.564776
0.090042
-1.718204
-2.607862
2.830643
0.799515
2.610918
3.983223
-0.153859
-0.557041
1.384311
-2.429634
-1.032815
-1.759743
2.050315
2.530594
-1.059746
1.151745
1.151996
-1.477461
0.160241
0.908249
1.135348
2.727432
-1.545814
-0.420972
-2.428386
-0.26205
1.122898
-3.514709
-3.874944
-4.12401
-2.98816
1.213391
0.528636
-1.150559
-0.201087
-2.041135
-1.296317
1.833799
-1.061509
0.93975
0.611391
0.093731
-2.404871
-1.181534
-1.334774
-0.456491
-1.924088
-5.171481
0.077708
-3.641144
-2.825282
0.261134
-0.241671
-0.014011
-0.244914
0.598689
-1.498155
-1.95841
-0.633062
-1.304664
-1.600788
-0.39612
0.053928
0.111233
0.821308
-1.171495
-3.128221
-1.307694
3.139172
-0.578354
-1.660189
1.209072
-3.99297
-1.332307
-2.203743
0.993538
-0.911913
-0.072184
-1.528413
-1.698311
0.792697
0.588079
-0.062142
3.337262
2.650803
2.11437
3.004488
5.120511
5.062185
7.928811
5.68252
1.792502
3.169344
5.597583
6.403093
5.432381
3.593832
1.769463
1.629836
3.083811
-0.594102
-0.303657
-1.64144
-1.809861
1.987768
-2.684101
-6.031758
-1.402757
-3.032456
0.271686
-0.771633
-5.343681
-8.256204
-5.453705
-6.76891
-5.448882
-3.895968
-7.401469
-8.05198
-5.831264
-1.757839
-5.431073
-9.292225
-11.86355
-5.733395
-5.714078
-6.378436
-4.63341
-7.007446
-9.604328
-9.861627
-6.302707
-9.135437
-8.507249
-9.496633
-4.856012
-3.561447
-8.734315
-4.637687
-7.615382
-6.323392
-9.906295
-9.213299
-4.298181
-6.325808
-8.718256
-11.08271
-8.202453
-10.15388
-9.265408
-2.706087
-6.46979
-6.480626
-8.376871
-11.09547
-8.861895
-5.32659
-6.370193
-6.461112
-8.677177
-7.842732
-8.152471
-7.077183
-9.637538
-5.705885
-7.636611
-9.809114
-10.1738
-8.727859
-7.359387
-8.467026
-7.978305
-8.646152
-9.950669
-8.904772
-6.467138
-8.214879
-6.909488
-5.232373
-10.95699
-10.17989
-11.18167
-11.49419
-5.819681
-5.888422
-7.284263
-6.37206
-10.66408
-6.467064
-6.738865
-8.339464
-9.534085
-11.3008
-7.328931
-10.42628
-11.12932
-9.495716
-10.92933
-11.64801
-12.98657
-9.366044
-8.343191
-5.677474
-7.04136
-7.203261
-8.165352
-7.78569
-8.662781
-6.037202
-7.797677
-13.90309
-10.57233
-11.84204
-14.25502
-10.48067
-10.19119
-9.864719
-11.77677
-13.45809
-12.59226
-8.416836
-10.17634
-9.323977
-11.567
-9.228443
-11.50924
-14.01769
-12.85977
-8.714075
-7.473932
-7.950497
-8.190488
-9.106083
-11.80545
-8.176465
-7.895082
-9.352652
-6.11797
-8.10458
-6.430109
-5.266754
-9.194135
-10.40731
-6.807071
-10.80961
-11.06235
-9.158614
-12.40686
-8.310165
-10.18793
-10.60902
-9.865786
-6.739568
-9.385338
-10.31572
-10.61376
-11.22719
-11.04604
-12.54547
-11.86353
-9.434255
-9.500529
-11.86116
-12.04239
-8.336299
-9.392118
-11.28274
-11.12812
-10.85565
-12.06102
-11.69417
-11.10898
-9.458318
-11.65328
-9.806584
-10.77862
-9.849933
-11.56309
-7.841239
-9.009428
-10.32785
-12.46024
-8.27364
-8.932656
-10.41727
-9.628226
-11.69834
-8.642499
-11.99951
-10.47602
-10.11525
-8.578955
-9.068148
-9.539686
-9.435309
-8.488757
-8.756509
-10.04896
-8.215776
-9.401609
-9.98388
-7.389926
-7.911939
-9.098207
-6.66517
-8.422558
-9.404852
-11.27936
-7.514322
-8.756031
-11.91805
-10.19535
-7.524063
-10.1953
-7.574806
-7.918458
-9.950537
-7.879962
-7.343857
-4.343792
-8.04808
-7.461231
-6.983016
-9.383737
-10.28708
-10.74508
-11.64422
-9.942348
-9.621307
-11.17798
-11.40823
-10.45817
-8.455912
-8.543344
-6.523834
-6.251687
-5.110755
-6.968525
-6.525957
-3.173028
-8.145701
-8.441539
-6.787475
-11.057
