773.0023
88.0874
93.9431
96.9282
102.9745
105.9285
111.915
114.9035
121.923
123.0555
132.0768
136.9402
142.9667
144.9274
146.1651
148.0755
151.9667
154.1415
160.9012
174.8957
178.8732
184.073
191.0529
192.0651
194.9607
196.0945
199.0364
201.9332
203.2226
212.0316
214.8399
221.8519
222.975
224.8628
229.0089
234.0132
237.8465
245.0031
249.9872
266.9644
267.9587
270.0085
277.1047
286.9382
292.9247
303.9172
317.1151
327.0524
331.084
333.1583
357.058
373.0316
389.0055
397.1221
405.983
406.9756
439.0292
456.0061
469.9463
476.985
486.9246
493.9625
587.9879
703.983
706.5362
719.9568
721.9566
734.5674